material : "eut2.dif.over.rfx" {
	add_ambient : 0
	aux[1] : { 0 , 0 }
	diffuse : { 0.800001 , 0.800001 , 0.800001 }
	shininess : 50
	specular : { 1 , 1 , 1 }
	tint : { 1 , 1 , 1 }
}
