material : "eut2.dif.over" {
	diffuse : { 0.788235 , 0.788235 , 0.788235 }
	specular : { 0.498039 , 0.498039 , 0.498039 }
	shininess : 18
	add_ambient : 0
	aux[1] : { 0 , 0 }

}
