material : "eut2.dif.over" {
	diffuse : { 0.203922 , 0.203922 , 0.203922 }
	specular : { 0.498039 , 0.498039 , 0.498039 }
	shininess : 20
	tint : { 1 , 1 , 1 }
	add_ambient : 0
	aux[1] : { 0 , 0 }

}
