material : "eut2.dif.over" {
	diffuse : { 0.4 , 0.4 , 0.4 }
	specular : { 0.498039 , 0.498039 , 0.498039 }
	shininess : 20
	add_ambient : 0
	aux[1] : { 0 , 0 }

}
